1523, 2022-10-14, 1922, 13, Winter Tires, 150.00, 4, 600.00, 600.00, 90.00, 690.00
1583, 2022-10-14, 1923, 16, Car Battery, 165.99, 1, 165.99, 165.99, 24.8985, 191.00
5623, 2022-10-14, 1924, 37, Battery Booster, 189.99, 1, 189.99, 189.99, 24.4985, 218.50
2834, 2022-10-15, 1925, 24, LED Headlights, 129.99, 1, 129.99, 129.99, 19.4985, 149.50
3523, 2022-10-16, 1926, 8, Break Pads, 84.99, 1, 84.99, 84.99, 12.7485, 97.75
8523, 2022-10-16, 1927, 54, Muffler, 89.99, 1, 89.99, 89.99, 13.4985, 103.50
3646, 2022-10-17, 1928, 30, Rear Wiper Blades, 16.99, 1, 16.99, 16.99, 2.5485, 19.55
2635, 2022-10-18, 1929, 25, Front Wiper Blades, 29.98, 2, 59.96, 59.96, 8.994, 69.00
8124, 2022-10-19, 1930, 12, Floor Mats, 59.99, 1, 59.99, 59.99, 8.99, 68.98
9873, 2022-10-20, 1931, 70, Spark Plug, 14.99, 1, 14.99, 14.99, 2.2485, 17.25

